textSansInvert.bmp
16
16
a 0 0.375
b 1 0.375
c 2 0.344
d 3 0.375
e 4 0.406
f 5 0.281
g 6 0.375
h 7 0.344
i 8 0.156
j 9 0.25
k 10 0.406
l 11 0.156
m 12 0.531
n 13 0.344
o 14 0.406
p 15 0.375
q 16 0.375
r 17 0.313
s 18 0.344
t 19 0.281
u 20 0.344
v 21 0.375
w 22 0.5
x 23 0.375
y 24 0.375
z 25 0.313
A 32 0.469
B 33 0.375
C 34 0.438
D 35 0.438
E 36 0.344
F 37 0.344
G 38 0.469
H 39 0.406
I 40 0.281
J 41 0.281
K 42 0.406
L 43 0.344
M 44 0.438
N 45 0.375
O 46 0.469
P 47 0.344
Q 48 0.469
R 49 0.438
S 50 0.406
T 51 0.469
U 52 0.375
V 53 0.469
W 54 0.594
X 55 0.406
Y 56 0.469
Z 57 0.406
1 64 0.5
2 65 0.5
3 66 0.5
4 67 0.5
5 68 0.5
6 69 0.5
7 70 0.5
8 71 0.5
9 72 0.5
0 73 0.5
! 80 0.5
@ 81 0.5
# 82 0.5
$ 83 0.5
% 84 0.5
^ 85 0.5
& 86 0.5
* 87 0.5
( 88 0.5
) 89 0.5
- 90 0.5
+ 91 0.5
= 92 0.5
, 93 0.5
. 94 0.5
? 95 0.5
< 75 0.5
> 76 0.5
" 77 0.5
/ 78 0.5
\ 79 0.5